50.882915 4.693872499999999 11
50.88452729999999 4.6969672 53
50.8834181 4.6982661 29
50.8762479 4.702089099999999 57
50.8770882 4.7015315 15
50.87669850000001 4.700591600000001 39
50.8756937 4.7003996 73
50.87583660000001 4.7002254 0
50.8772144 4.6937236 72
50.88063080000001 4.6997833 0
50.8805767 4.7000969 9
50.88066190000001 4.7001024 34
50.880644 4.6997217 0
50.8808656 4.6998478 25
50.8808828 4.699584100000002 13
50.882527 4.699877000000001 37
50.8807247 4.6966217 28
50.879852 4.696534800000001 0
50.880387 4.696410999999999 37
50.8802293 4.6974014 20
50.883773 4.692374 30
50.87295409999999 4.696517 2
50.873003 4.6965212 53
50.8777498 4.6984062 17
50.8775037 4.698204 70
50.87815860000001 4.6976285 31
50.8778047 4.698460400000001 42
50.8775475 4.6982773 10
50.87769179999999 4.698366199999999 100
50.88686249999999 4.696708599999999 45
50.8854301 4.7007805 69
50.8841748 4.6983636 100
50.88758240000001 4.700222500000001 65
50.88838200000001 4.701214999999999 7
50.8871779 4.6999727 81
50.88125939999999 4.693303 48
50.8807215 4.6925915 45
50.88063409999999 4.692990099999999 40
50.879361 4.699659599999999 25
50.87893589999999 4.700288399999999 47
50.87856710000001 4.6992387 48
50.8801017 4.699634500000001 0
50.8795315 4.701221700000001 0
50.8790167 4.7006806 27
50.8798603 4.699765300000001 44
50.879472 4.7002562 61
50.878404 4.700699699999999 0
50.8793238 4.700705900000001 0
50.8799056 4.6998002 96
50.8793035 4.702306699999999 18
50.87831 4.701322 0
50.8741967 4.691680799999999 31
50.87424799999999 4.6916248 61
50.87237399999999 4.699759199999999 54
50.87409839999999 4.700012399999999 0
50.8735966 4.700074799999999 0
50.88358059999999 4.7026491 48
50.8889652 4.7014366 58
50.8735543 4.706035 71
50.88040739999999 4.7046613 29
50.8797465 4.7054984 51
50.87949529999999 4.7028333 23
50.879266 4.704195900000001 51
50.8798985 4.7031738 62
50.8803524 4.7030238 3
50.8798833 4.7025507 23
50.8805025 4.705803800000001 23
50.8808963 4.705151900000001 79
50.880216 4.7037206 47
50.8794163 4.702309700000001 30
50.8805384 4.7071406 18
50.8796437 4.7071373 76
50.87987709999999 4.7063343 70
50.87891870000001 4.7069261 62
50.8788324 4.7051833 34
50.8789568 4.7067241 10
50.87912009999999 4.706128 35
50.87941469999999 4.705930599999999 30
50.8763917 4.7067709 70
50.87729359999999 4.7066512 54
50.87489080000001 4.7030228 0
50.87554000000001 4.704331599999999 0
50.8740837 4.7034899 40
50.8780249 4.702920199999999 0
50.8786368 4.7030202 3
50.8773484 4.704132899999999 23
50.8781668 4.7027911 0
50.8788539 4.703009499999999 18
50.87804269999999 4.7027953 0
50.8778574 4.703389999999999 0
50.8723167 4.7036278 0
50.87756549999999 4.7039697 4
50.8869675 4.7049302 76
50.8876114 4.7043309 44
50.8886298 4.7023645 83
50.8884203 4.7055147 87
50.8886423 4.702105199999999 50
50.8827125 4.6984141 82
50.8834645 4.698443999999999 0
50.88339959999999 4.696952699999999 60
50.88351979999999 4.6982013 56
50.8814133 4.700166900000001 11
50.88122080000001 4.699746200000001 24
50.8811268 4.6996064 12
50.8813172 4.699271699999999 56
50.8779875 4.6986094 23
50.8837711 4.7011031 47
50.8858833 4.7000948 100
50.8859867 4.695346699999999 0
50.88519520000001 4.6975189 39
50.88627770000001 4.695958200000001 33
50.8870927 4.699917800000001 21
50.8867322 4.696640200000001 60
50.880598 4.6937134 1
50.8808686 4.6921708 78
50.8827778 4.691388899999999 10
50.882543 4.691317 55
50.87614310000001 4.7002711 34
50.87538900000001 4.7000169 0
50.87752520000001 4.7005134 0
50.88005279999999 4.6974311 0
50.8815943 4.6976489 25
50.88089799999999 4.694787700000001 52
50.88086199999999 4.698419200000001 75
50.8797806 4.697937 50
50.879671 4.699336000000001 45
50.8785117 4.7005991 0
50.879446 4.7006927 41
50.8793599 4.7000724 28
50.8788708 4.6995537 0
50.8787831 4.700214600000001 12
50.8799357 4.699910700000001 0
50.874668 4.700898999999999 64
50.8846044 4.7053942 41
50.885381 4.7055512 80
50.8835489 4.7038271 65
50.8817849 4.704658499999999 8
50.8883921 4.7056584 39
50.8754034 4.7070455 51
50.8774321 4.706784799999999 58
50.8810319 4.7062592 39
50.87987169999999 4.703189399999999 42
50.8797319 4.7034608 46
50.88029 4.703983 15
50.88036750000001 4.704133400000001 22
50.88019930000001 4.703598700000001 53
50.8801935 4.7040812 14
50.8801578 4.7034263 13
50.8801349 4.7033976 10
50.8800424 4.703619199999999 16
50.8800556 4.703640099999999 12
50.8729382 4.7046667 0
50.87348799999999 4.7036 67
50.87218309999999 4.7036696 66
50.87805179999999 4.7037249 14
50.8774703 4.703491400000001 25
50.8778947 4.7038398 25
50.8772095 4.7035635 0
50.8781676 4.703681 1
50.87725750000001 4.7044283 0
50.8783204 4.703377 0
50.8781075 4.7030242 0
50.8884203 4.7055147 86
50.8752728 4.7046436 0
50.8808786 4.699271699999999 26
50.8810611 4.698994400000001 20
50.8809407 4.699089700000001 0
50.88077879999999 4.6997927 31
50.8809499 4.701089100000001 17
50.8806643 4.6996604 18
50.8783498 4.6979227 22
50.885074 4.693265999999999 70
50.8774528 4.7004832 63
50.87666350000001 4.7005953 0
50.8772767 4.700468600000001 0
50.87743029999999 4.7008975 0
50.8765487 4.7005529 53
50.87902140000001 4.6920024 10
50.8724211 4.6923168 71
50.8803953 4.696694 9
50.8801001 4.6977876 24
50.8802198 4.696433999999999 33
50.8804003 4.6965789 0
50.8816685 4.6966929 0
50.88060790000001 4.6959459 59
50.880725 4.696275 29
50.8879148 4.7007173 40
50.87876 4.700446999999999 3
50.8786162 4.7000768 0
50.87902620000001 4.700750000000001 18
50.87960040000001 4.6996801 21
50.8785549 4.6995403 0
50.8785211 4.699501299999999 0
50.8796548 4.699443100000001 14
50.87869189999999 4.699139199999999 0
50.8731891 4.7019554 0
50.87363499999999 4.700021099999999 0
50.8770402 4.7054298 1
50.8776196 4.706982300000001 46
50.8762266 4.706491499999999 51
50.8800034 4.7068316 25
50.879916 4.706602300000001 23
50.87998289999999 4.7034869 25
50.880103 4.702982999999999 73
50.8803175 4.702228300000001 38
50.8804254 4.7028705 5
50.8807457 4.7049378 33
50.8795777 4.7043816 50
50.879521 4.7040394 45
50.8801437 4.7052711 48
50.88123309999999 4.705690899999999 34
50.88100240000001 4.706054900000001 0
50.8805471 4.706888199999999 19
50.8862221 4.705717699999999 55
50.8854891 4.7053593 79
50.8779974 4.7025089 0
50.877163 4.7050019 43
50.8785661 4.7031617 0
50.8786087 4.703404000000001 22
50.8788771 4.703522599999999 44
50.8787865 4.7035472 13
50.878194 4.7020611 0
50.8787616 4.7029257 8
50.87894970000001 4.7045671 0
50.8883324 4.704303100000001 12
