50.87453199999999 4.673514000000001 0 0 0 0 0 0 0 0 48 73 92 100 99 96 94 89 74 0 0 0 0 0 0 0 
50.8746976 4.674037000000001 0 0 0 0 0 0 0 0 50 44 44 41 33 41 61 72 55 30 11 0 0 0 0 0 
50.874989 4.674074999999999 1 1 1 1 1 1 5 12 16 19 23 29 38 45 50 53 51 41 28 14 5 1 0 0 
50.8750852 4.674961 0 0 0 0 0 0 0 0 16 30 45 53 50 40 31 34 50 58 46 23 0 0 0 0 
50.8746667 4.6725181 0 0 0 0 0 0 0 0 0 0 0 0 37 41 34 44 82 100 62 36 53 0 0 0 
50.87527139999999 4.675193999999999 0 0 0 0 0 0 0 0 0 0 0 0 50 57 40 0 0 0 60 76 67 40 15 0 
50.8750852 4.6759262 0 0 0 0 0 0 0 0 0 69 82 70 51 56 75 56 37 48 0 0 0 0 0 0 
50.8748064 4.674649100000001 0 0 0 0 0 0 0 0 0 0 0 0 6 6 0 0 0 16 77 96 32 3 0 0 
50.8750319 4.6747178 0 0 0 0 0 0 0 0 19 28 38 47 52 54 51 48 56 73 65 33 0 0 0 0 
50.8800883 4.669980499999999 0 0 0 0 0 0 0 0 47 62 68 70 70 67 60 52 48 45 39 30 0 0 0 0 
50.88123290000001 4.672779800000001 0 0 0 0 0 0 0 27 54 68 86 100 86 50 31 27 27 27 18 0 0 0 0 0 
50.8740838 4.6713252 0 0 0 0 0 0 0 0 0 0 0 0 0 0 0 0 0 0 0 0 0 0 0 0 
50.87315719999999 4.6708036 0 0 0 0 0 0 0 0 0 28 40 44 44 60 58 34 68 72 0 0 0 0 0 0 
50.879696 4.672916200000001 0 0 0 0 0 0 0 0 30 63 91 100 92 80 63 44 32 26 18 9 3 1 1 0 
50.8863563 4.670031499999999 0 0 0 0 0 2 16 52 66 47 30 30 38 44 47 44 41 33 30 55 100 63 0 0 
50.8864048 4.670748 0 0 0 0 0 0 0 0 0 34 51 53 48 51 60 65 59 44 27 0 0 0 0 0 
50.8863985 4.669904799999999 0 0 0 0 0 11 27 55 72 72 66 88 100 61 22 5 0 0 5 11 16 11 0 0 
50.88618229999999 4.6717289 0 0 0 0 0 0 0 34 48 55 51 48 0 34 24 13 6 0 0 0 0 0 0 0 
50.8863985 4.669904799999999 0 0 0 0 0 4 22 40 45 38 41 56 60 43 27 27 36 39 32 19 5 1 0 0 
50.88560589999999 4.6713368 0 0 0 0 0 0 0 0 69 80 68 63 75 82 76 76 79 60 30 0 0 0 0 0 
50.8857588 4.670699300000001 0 0 0 0 0 0 0 0 0 38 16 23 15 0 0 0 0 0 0 0 0 0 0 0 
50.8758877 4.6795546 0 0 0 0 0 0 0 0 26 43 39 21 8 8 17 26 21 13 21 34 39 0 0 0 
50.8758151 4.6793372 0 0 0 0 0 0 0 0 0 30 43 30 21 26 30 30 26 17 13 0 0 0 0 0 
50.88612430000001 4.677456800000002 0 0 0 0 0 0 0 32 63 82 79 73 75 79 77 68 53 37 23 0 0 0 0 0 
50.8744418 4.6839738 0 0 0 0 0 0 0 0 0 37 66 62 52 60 67 64 50 32 0 0 0 0 0 0 
50.8715585 4.6846637 0 0 0 0 0 0 9 25 38 43 47 61 69 59 48 50 55 59 58 52 43 31 20 12 
50.87414769999999 4.6845137 0 0 0 0 0 0 0 0 0 3 8 14 25 46 75 100 100 81 68 67 58 32 8 0 
50.8980997 4.6784399 0 0 0 0 10 20 20 30 40 40 40 40 40 30 20 20 30 50 40 10 0 0 0 0 
50.876414 4.681585999999998 30 35 40 45 25 25 30 35 40 40 40 35 30 30 35 45 50 50 40 30 25 25 25 20 
50.876704 4.682807599999999 0 0 0 0 0 0 0 0 6 13 33 40 46 40 0 0 0 40 53 53 40 20 0 0 
50.87692550000001 4.683103 0 0 0 0 0 0 0 0 0 0 0 19 41 50 39 23 26 45 65 67 45 19 0 0 
50.88385479999999 4.680900199999999 0 0 0 0 0 0 0 0 0 63 89 68 0 26 36 47 52 0 0 0 0 0 0 0 
50.8811112 4.6830946 1 0 0 0 0 0 0 1 5 7 10 10 12 17 21 16 7 3 5 12 16 14 7 0 
50.88578440000001 4.680883 0 0 0 0 0 0 0 0 3 10 19 28 34 35 34 34 40 52 64 70 69 64 55 42 
50.8839303 4.680571500000001 0 0 0 0 0 0 0 0 0 54 70 70 58 45 33 25 19 13 0 0 0 0 0 0 
50.88412919999999 4.678645299999999 0 0 0 0 0 0 0 0 0 81 100 91 74 72 80 78 58 0 0 0 0 0 0 0 
50.884043 4.680030599999999 0 0 0 0 0 0 0 0 32 50 53 46 38 42 51 51 38 0 0 0 0 0 0 0 
50.88450049999999 4.6776246 0 0 0 0 0 0 0 0 0 81 100 91 74 72 80 78 58 0 0 0 0 0 0 0 
50.8699141 4.684156599999999 0 0 0 0 0 0 0 0 60 12 20 36 48 48 44 32 24 20 16 12 8 0 0 0 
50.8800062 4.684826699999999 44 44 44 38 33 27 33 44 66 88 100 94 77 72 66 72 66 61 55 55 55 61 66 66 
50.898332 4.682896 3 3 3 3 3 3 3 3 15 31 43 56 65 71 78 87 93 96 84 59 28 3 3 3 
50.8773729 4.685196599999998 23 0 0 0 0 0 0 0 0 0 0 0 0 0 0 0 0 23 38 53 46 38 15 7 
50.8738086 4.6861269 0 0 0 0 0 0 0 0 62 43 59 64 46 34 50 50 16 0 0 0 0 0 0 0 
50.8732617 4.6852344 0 0 0 0 0 0 0 0 23 35 47 56 58 53 47 47 61 79 76 50 0 0 0 0 
50.8726244 4.6866326 0 0 0 0 0 0 0 0 0 0 19 31 42 51 55 58 58 44 0 0 0 0 0 0 
50.8758943 4.688643599999999 0 0 0 0 0 0 0 0 0 0 0 0 0 0 0 0 2 24 62 79 63 25 0 0 
50.895007 4.687489800000001 0 0 0 0 0 0 0 0 8 31 57 70 72 68 70 74 70 55 29 0 0 0 0 0 
50.8828 4.6849033 0 0 0 0 0 3 3 6 9 9 9 12 9 9 9 6 6 3 6 24 72 100 66 21 
50.8705584 4.6916706 0 0 0 0 0 0 0 0 15 25 36 44 48 45 39 42 63 93 100 70 0 0 0 0 
50.87080599999999 4.6901364 0 0 0 0 0 0 0 0 0 37 37 37 0 25 25 18 25 0 0 0 0 0 0 0 
50.8702189 4.6905671 0 0 0 0 0 0 0 23 38 50 52 46 39 39 47 58 65 66 69 76 79 65 39 0 
50.8744543 4.689693399999999 0 0 0 0 0 0 0 0 0 28 33 28 38 45 40 35 50 0 0 0 0 0 0 0 
50.874188 4.689837 0 0 0 0 0 0 0 0 13 18 23 26 26 26 27 33 47 64 78 80 68 47 26 0 
50.8740728 4.689881400000001 0 0 0 0 0 0 0 0 22 37 54 67 71 64 52 45 63 89 74 0 0 0 0 0 
50.8739982 4.689878999999999 0 0 0 0 0 0 0 0 51 69 78 72 55 40 36 43 52 52 41 0 0 0 0 0 
50.8741967 4.691680799999999 0 0 0 0 0 0 0 0 0 0 0 31 33 23 0 0 23 52 86 100 81 47 20 0 
50.8756859 4.690574 0 0 0 0 0 0 0 0 0 0 0 0 35 32 29 0 0 32 32 32 29 22 16 0 
50.8800281 4.6855636 0 0 0 0 0 0 0 0 0 21 30 35 33 30 33 35 23 0 0 0 0 0 0 0 
50.8827778 4.691388899999999 0 0 0 0 0 0 0 3 3 6 6 10 13 20 23 30 36 40 36 30 20 13 0 0 
50.88101589999999 4.690027700000001 0 0 0 0 0 0 0 15 23 33 43 50 53 51 47 47 54 62 61 47 0 0 0 0 
50.8794 4.689665499999999 0 0 0 0 0 0 0 0 0 0 0 4 7 11 16 21 27 36 52 71 80 69 44 0 
50.8789109 4.6891417 0 0 0 0 0 0 0 0 0 0 54 72 60 39 48 75 90 66 0 0 0 0 0 0 
50.8772144 4.6937236 0 0 0 0 0 0 0 0 44 65 76 72 62 56 59 66 71 72 66 57 44 0 0 0 
50.87295409999999 4.696517 0 0 0 0 0 0 0 0 0 0 0 2 18 39 54 50 33 27 31 37 27 10 0 0 
50.873003 4.6965212 0 0 0 0 0 0 0 0 0 35 50 53 42 39 46 67 78 67 42 0 0 0 0 0 
50.86953030000001 4.693283099999999 12 0 0 0 0 0 0 0 0 0 0 39 58 56 37 24 30 48 63 69 74 77 66 39 
50.8778663 4.6911911 0 0 0 0 0 0 0 0 4 8 13 18 23 29 35 36 28 16 6 1 0 0 0 0 
50.88125939999999 4.693303 0 0 0 0 0 0 0 0 6 52 97 48 33 47 61 68 67 58 43 27 16 0 0 0 
50.880598 4.6937134 0 0 0 0 0 0 0 0 0 0 0 1 1 1 0 0 0 5 22 46 62 51 0 0 
50.88063409999999 4.692990099999999 0 0 0 0 0 0 0 0 0 0 27 40 47 44 35 32 63 98 55 0 0 0 0 0 
50.882915 4.693872499999999 0 0 0 0 0 0 0 0 0 0 0 11 16 9 0 0 7 29 71 100 81 38 0 0 
50.883773 4.692374 0 0 0 0 0 0 0 0 0 28 48 30 23 33 51 64 66 53 0 0 0 0 0 0 
50.890019 4.6948945 0 0 0 0 0 0 0 18 45 20 24 26 25 21 17 10 7 3 0 0 0 0 0 0 
50.89040050000001 4.6947687 0 0 0 0 0 0 0 0 17 51 64 35 20 31 42 37 0 0 0 0 0 0 0 0 
50.8896042 4.6949578 0 0 0 0 0 0 0 0 0 14 28 33 28 26 45 83 100 76 35 9 2 0 0 0 
50.8901039 4.694846099999999 0 0 0 0 0 0 0 0 16 40 53 40 20 16 30 40 43 56 36 0 0 0 0 0 
50.8859867 4.695346699999999 0 0 0 0 0 0 0 0 0 0 0 0 13 11 0 0 0 11 23 29 27 16 0 0 
50.8915293 4.691376700000001 0 0 0 0 0 0 0 0 42 67 56 26 18 40 75 85 60 26 0 0 0 0 0 0 
50.89386 4.689931899999999 0 0 0 0 0 0 0 0 69 94 89 97 92 69 64 79 61 0 0 0 0 0 0 0 
50.893328 4.689934000000001 0 0 0 0 0 0 0 42 100 80 54 58 64 66 61 52 41 30 0 0 0 0 0 0 
50.8933653 4.690601399999999 0 0 0 0 0 0 0 23 28 19 26 78 100 51 17 10 0 0 0 0 0 0 0 0 
50.8711437 4.696383399999999 0 0 0 0 0 0 0 0 19 31 35 34 35 37 37 33 29 29 33 38 39 34 25 13 
50.8687378 4.6969043 0 0 0 0 0 0 0 0 0 18 63 54 18 18 45 54 54 100 54 0 0 0 0 0 
50.87237399999999 4.699759199999999 0 0 0 0 0 0 0 0 44 93 100 54 16 0 0 0 0 0 0 0 0 0 0 0 
50.8716775 4.6996947 0 0 0 0 0 0 0 0 0 0 0 0 0 100 94 100 100 89 0 0 0 0 0 0 
50.8777498 4.6984062 0 0 0 0 0 0 0 0 0 0 20 17 17 29 45 53 45 30 0 0 0 0 0 0 
50.8775037 4.698204 0 0 0 0 0 0 0 0 0 0 70 70 65 55 25 15 15 20 0 0 0 0 0 0 
50.87784459999999 4.698712999999999 0 0 0 0 0 0 0 0 0 29 41 41 41 35 35 58 76 47 11 0 0 0 0 0 
50.8775475 4.6982773 0 0 0 0 0 0 0 0 0 0 1 10 25 41 56 67 67 43 0 0 0 0 0 0 
50.8778047 4.698460400000001 0 0 0 0 42 42 42 42 42 42 42 42 42 42 42 42 42 42 42 42 42 42 42 42 
50.87769179999999 4.698366199999999 0 0 0 0 0 0 0 0 0 0 65 100 98 67 36 22 17 13 0 0 0 0 0 0 
50.8801017 4.699634500000001 0 0 0 0 0 0 0 0 0 0 0 0 0 0 0 0 0 0 29 47 53 40 0 0 
50.879852 4.696534800000001 0 0 0 0 0 0 0 0 0 0 0 0 21 21 14 0 0 0 14 41 60 47 0 0 
50.88063080000001 4.6997833 0 0 0 0 0 0 0 0 0 0 0 0 0 0 0 0 0 0 0 0 0 0 0 0 
50.8798603 4.699765300000001 0 0 0 0 0 0 0 0 0 30 42 44 35 0 26 32 26 0 0 0 0 0 0 0 
50.87856710000001 4.6992387 0 0 0 0 0 0 0 0 23 40 50 48 41 36 33 25 14 0 0 0 0 0 0 0 
50.879361 4.699659599999999 0 0 0 0 0 0 0 0 0 10 17 25 29 33 42 49 44 28 0 0 0 0 0 0 
50.8807247 4.6966217 0 0 0 0 0 0 0 0 0 0 84 28 37 51 60 62 57 48 0 0 0 0 0 0 
50.879671 4.699336000000001 0 0 0 0 0 0 0 13 40 63 59 45 36 36 36 36 36 59 59 0 0 0 0 0 
50.8797806 4.697937 0 0 0 0 0 0 0 0 0 100 90 50 53 60 66 63 53 43 0 0 0 0 0 0 
50.88005279999999 4.6974311 0 0 0 0 0 0 0 0 0 0 0 0 0 0 0 0 0 0 0 47 61 66 0 0 
50.879472 4.7002562 0 0 0 0 0 0 0 0 29 52 65 61 54 63 73 56 27 12 8 7 0 0 0 0 
50.8802293 4.6974014 0 0 0 0 0 0 0 0 7 12 16 20 22 22 20 19 29 49 48 24 0 0 0 0 
50.879524 4.6984484 0 0 0 0 0 0 0 0 0 0 0 0 6 8 1 0 0 9 22 32 32 21 0 0 
50.8906392 4.6986906 0 0 0 0 0 0 9 28 47 54 50 45 42 45 46 43 36 26 13 4 0 0 0 0 
50.8940146 4.6969533 0 0 0 0 0 0 0 0 0 0 0 0 0 0 0 0 0 53 76 66 33 10 0 0 
50.88452729999999 4.6969672 0 0 0 0 0 0 0 0 23 40 52 53 44 35 32 38 55 79 100 99 75 42 0 0 
50.88519520000001 4.6975189 0 0 0 0 0 0 0 0 0 0 0 39 48 52 50 40 32 31 36 43 46 40 30 0 
50.8841748 4.6983636 0 0 0 0 0 0 0 0 0 42 87 100 65 37 50 80 82 52 25 0 0 0 0 0 
50.8723167 4.7036278 0 0 0 0 0 0 0 0 0 0 0 0 25 22 0 0 0 0 45 74 75 49 19 0 
50.8735966 4.700074799999999 19 0 0 0 0 0 0 0 0 0 0 0 0 18 26 34 42 52 64 80 94 100 91 69 
50.88686249999999 4.696708599999999 0 0 0 0 0 0 0 0 0 34 39 45 55 65 75 81 81 75 63 49 0 0 0 0 
50.8762479 4.702089099999999 0 0 0 0 0 0 0 0 6 21 39 57 60 54 45 39 33 30 24 15 12 9 0 0 
50.8756937 4.7003996 0 0 0 0 6 6 6 6 13 33 53 73 93 93 86 66 60 86 93 53 20 6 6 6 
50.8770882 4.7015315 0 0 0 0 0 0 0 0 0 0 0 15 40 63 59 39 33 51 80 100 96 71 41 0 
50.87489080000001 4.7030228 0 0 0 0 0 0 0 0 0 0 0 0 56 58 0 0 0 0 24 44 49 0 0 0 
50.87583660000001 4.7002254 0 0 0 0 0 0 0 0 0 0 0 0 0 0 0 0 0 0 0 31 44 43 45 47 
50.87669850000001 4.700591600000001 0 0 0 0 0 0 0 0 7 14 26 39 53 69 86 95 88 65 0 0 0 0 0 0 
50.8805767 4.7000969 0 0 0 0 0 0 0 0 0 0 11 9 5 14 28 35 26 13 0 0 0 0 0 0 
50.8808828 4.699584100000002 0 0 0 0 0 0 0 0 0 30 26 13 21 30 43 43 39 26 0 0 0 0 0 0 
50.88066190000001 4.7001024 0 0 0 0 0 0 0 0 0 14 42 34 23 39 46 38 37 28 0 0 0 0 0 0 
50.8808656 4.6998478 0 0 0 0 0 0 0 0 0 16 21 25 25 24 26 35 34 19 0 0 0 0 0 0 
50.880644 4.6997217 0 0 0 0 0 0 0 0 0 0 0 0 0 0 0 0 0 0 0 0 0 0 0 0 
50.8803524 4.7030238 0 0 0 0 0 0 0 0 0 0 0 3 11 23 36 40 28 15 0 0 0 0 0 0 
50.8803175 4.702228300000001 0 0 0 0 0 0 0 0 34 46 42 38 42 50 53 46 0 0 0 0 0 0 0 0 
50.8809499 4.701089100000001 0 0 0 0 0 0 0 0 0 0 10 17 22 24 27 40 48 29 0 0 0 0 0 0 
50.87409839999999 4.700012399999999 0 0 0 0 0 0 0 0 0 0 0 0 0 0 0 0 0 0 33 75 99 93 0 0 
50.8786368 4.7030202 0 0 0 0 0 0 0 0 0 0 0 3 22 27 8 0 0 9 30 53 56 36 0 0 
50.87893589999999 4.700288399999999 52 45 35 27 32 30 0 0 0 0 0 47 55 62 70 77 82 90 95 100 97 90 77 65 
50.8795315 4.701221700000001 0 0 0 0 0 0 0 0 0 0 0 0 0 0 0 0 0 0 0 0 0 0 0 0 
50.8780249 4.702920199999999 0 0 0 0 0 0 0 0 0 0 0 0 26 30 15 0 0 0 0 30 39 30 11 1 
50.8790167 4.7006806 0 0 0 0 0 0 0 0 0 0 8 27 50 54 36 19 19 34 55 68 64 46 25 10 
50.8781668 4.7027911 0 0 0 0 0 0 0 0 0 0 0 0 20 15 7 0 0 10 24 40 49 43 28 0 
50.8793238 4.700705900000001 0 0 0 0 0 0 0 0 0 0 0 0 25 53 70 66 57 61 74 83 78 62 40 21 
50.878404 4.700699699999999 0 0 0 0 0 0 0 0 0 0 0 0 0 0 0 0 0 7 17 27 36 36 29 0 
50.8793035 4.702306699999999 9 9 9 9 9 9 9 9 9 9 9 18 36 63 72 72 63 45 27 9 9 9 9 9 
50.87949529999999 4.7028333 0 0 0 0 0 0 0 0 0 10 18 23 24 27 36 45 43 31 0 0 0 0 0 0 
50.8794163 4.702309700000001 0 0 0 0 0 0 0 0 0 0 3 30 78 73 32 23 39 60 75 76 62 41 22 9 
50.8788539 4.703009499999999 0 0 0 0 0 0 0 0 0 0 8 18 10 16 24 27 21 10 0 0 0 0 0 0 
50.87804269999999 4.7027953 0 0 0 0 0 0 0 0 0 0 0 0 0 0 0 0 0 25 61 89 82 48 0 0 
50.88358059999999 4.7026491 0 0 0 0 0 0 0 0 15 25 37 48 53 51 46 46 62 86 91 65 0 0 0 0 
50.8837711 4.7011031 0 0 0 0 0 0 0 0 0 34 73 47 34 47 60 63 63 63 0 0 0 0 0 0 
50.8827125 4.6984141 0 0 0 0 0 0 0 0 23 51 75 82 79 82 87 81 64 45 31 0 0 0 0 0 
50.8834181 4.6982661 0 0 0 0 0 0 0 0 0 0 11 29 47 50 41 26 20 14 0 0 0 0 0 0 
50.88758240000001 4.700222500000001 0 0 0 0 0 0 0 0 0 62 72 65 75 82 62 55 58 0 0 0 0 0 0 0 
50.8871779 4.6999727 0 0 0 0 0 0 0 0 0 36 68 81 68 63 77 90 77 0 0 0 0 0 0 0 
50.8933686 4.701760200000001 0 0 0 0 0 0 0 0 69 84 74 56 56 79 97 92 66 35 0 0 0 0 0 0 
50.88838200000001 4.701214999999999 0 0 0 0 0 0 0 0 0 0 3 7 22 44 66 74 59 33 0 0 0 0 0 0 
50.8886298 4.7023645 0 0 0 0 0 0 0 0 0 0 70 83 82 77 82 87 80 55 0 0 0 0 0 0 
50.8889652 4.7014366 0 0 0 0 0 0 0 0 19 32 46 58 63 59 51 50 62 76 64 34 0 0 0 0 
50.8886423 4.702105199999999 0 0 0 0 0 0 0 0 0 17 37 50 48 44 53 62 51 25 0 0 0 0 0 0 
50.8740837 4.7034899 0 0 0 0 0 0 0 0 0 0 0 40 69 86 0 0 0 7 7 20 0 0 0 0 
50.87554000000001 4.704331599999999 0 0 0 0 0 0 0 0 0 0 0 0 6 7 7 0 0 27 65 89 63 0 0 0 
50.8754034 4.7070455 0 0 0 0 0 0 0 0 0 27 41 51 57 68 85 100 96 72 41 17 4 0 0 0 
50.8744244 4.707865200000001 0 0 0 0 0 0 0 0 0 25 46 64 74 80 85 86 75 56 33 16 6 1 0 0 
50.8735543 4.706035 0 0 0 0 0 0 0 0 35 66 82 71 0 44 45 41 31 0 0 0 0 0 0 0 
50.8869675 4.7049302 0 0 0 0 0 0 0 0 0 33 57 76 76 57 0 19 47 100 80 0 0 0 0 0 
50.885381 4.7055512 0 0 0 0 0 0 0 0 0 48 68 80 80 64 40 20 4 4 20 0 0 0 0 0 
50.8788324 4.7051833 0 0 0 0 0 0 0 0 0 0 22 34 40 37 34 41 44 26 0 0 0 0 0 0 
50.8862221 4.705717699999999 0 0 0 0 0 0 0 0 0 0 77 55 44 55 66 77 66 55 0 0 0 0 0 0 
50.8797465 4.7054984 0 0 0 0 0 0 0 0 0 100 92 51 25 37 63 71 48 0 0 0 0 0 0 0 
50.8805384 4.7071406 0 0 0 0 0 0 0 0 0 0 13 18 18 21 31 52 57 39 0 0 0 0 0 0 
50.88040739999999 4.7046613 0 0 0 0 0 0 0 0 0 8 19 29 32 32 37 40 29 14 0 0 0 0 0 0 
50.8796437 4.7071373 0 0 0 0 0 0 0 0 0 40 60 76 82 83 88 93 87 64 0 0 0 0 0 0 
50.8808963 4.705151900000001 0 0 0 0 0 0 0 0 0 66 80 79 71 66 65 60 50 36 22 11 0 0 0 0 
50.879266 4.704195900000001 0 0 0 0 0 0 0 0 0 0 31 51 68 79 75 58 37 20 0 0 0 0 0 0 
50.87941469999999 4.705930599999999 0 0 0 0 0 0 0 0 0 0 19 30 40 43 43 44 45 35 19 0 0 0 0 0 
50.8805025 4.705803800000001 0 0 0 0 0 0 0 0 0 0 11 23 33 38 48 65 60 30 0 0 0 0 0 0 
50.87987709999999 4.7063343 0 0 0 0 0 0 0 0 0 35 54 70 72 68 60 52 41 27 0 0 0 0 0 0 
50.87891870000001 4.7069261 0 0 0 0 0 0 0 0 0 54 40 62 75 81 78 72 56 32 0 0 0 0 0 0 
50.8798985 4.7031738 0 0 0 0 0 0 0 0 0 0 41 62 72 70 65 62 56 44 0 0 0 0 0 0 
50.87894970000001 4.7045671 0 0 0 0 0 0 0 0 0 0 0 0 0 0 0 0 0 0 0 0 0 0 0 0 
50.8688105 4.7077779 0 0 0 0 0 0 0 0 16 27 37 45 45 39 33 31 43 54 43 0 0 0 0 0 
50.88123309999999 4.705690899999999 0 0 0 0 0 0 0 0 0 26 30 34 34 26 18 15 8 0 0 0 0 0 0 0 
50.8817849 4.704658499999999 0 0 0 0 0 0 0 0 0 5 14 8 31 48 42 45 65 65 45 0 0 0 0 0 
50.88344530000001 4.7073476 0 0 0 0 0 0 0 0 7 18 37 57 66 60 50 57 77 82 57 0 0 0 0 0 
50.8773484 4.704132899999999 0 0 0 0 0 0 0 0 0 0 15 23 30 37 47 57 57 40 0 0 0 0 0 0 
50.8763917 4.7067709 0 0 0 0 0 0 0 0 24 42 59 70 70 70 77 89 91 71 43 0 0 0 0 0 
50.8770402 4.7054298 36 14 0 0 0 0 0 0 0 0 1 1 2 7 13 20 26 33 45 65 88 100 87 56 
50.87729359999999 4.7066512 0 0 0 0 0 0 0 0 0 18 31 54 77 86 90 100 90 54 0 0 0 0 0 0 
50.8774321 4.706784799999999 0 0 0 0 0 0 0 0 58 76 67 58 61 58 52 67 44 0 0 0 0 0 0 0 
50.877163 4.7050019 0 0 0 0 0 0 0 0 0 1 11 43 85 88 47 13 0 0 0 0 0 0 0 0 
50.8884203 4.7055147 0 0 0 0 0 0 0 0 56 81 100 87 75 68 75 75 87 0 0 0 0 0 0 0 
50.8884203 4.7055147 0 0 0 0 0 0 0 0 56 90 100 86 70 71 81 81 63 36 0 0 0 0 0 0 
50.8876114 4.7043309 0 0 0 0 0 0 0 0 38 100 83 44 61 88 94 83 100 0 0 0 0 0 0 0 
50.8961018 4.7015968 0 0 0 0 0 0 0 0 11 25 38 41 36 30 36 44 47 36 19 0 0 0 0 0 
50.8953246 4.702811100000001 5 10 10 10 10 10 10 15 15 21 21 26 31 36 47 52 52 57 52 47 42 31 26 15 
50.8953311 4.7057216 0 0 0 0 0 0 0 0 32 48 56 56 45 35 29 37 54 62 54 0 0 0 0 0 
50.89602899999999 4.707699 0 0 0 0 0 0 0 0 0 0 16 25 32 34 34 34 36 31 0 0 0 0 0 0 
50.89688489999999 4.705667 0 0 0 0 0 0 0 5 9 11 12 11 8 6 5 8 18 31 41 39 28 14 0 0 
50.8983289 4.7057281 0 0 0 0 0 0 15 31 57 85 100 94 79 71 79 87 79 53 25 0 0 0 0 0 
50.8918975 4.705988699999999 0 0 0 0 0 0 0 0 0 0 10 13 16 19 21 22 24 30 50 80 100 88 53 21 
50.8905101 4.7063742 0 0 0 0 0 0 0 0 0 0 0 0 0 9 14 28 40 23 19 15 9 0 0 0 
50.8918651 4.7059906 20 9 3 0 1 5 12 19 27 34 39 41 39 35 32 34 45 65 87 100 95 75 48 24 
50.8741129 4.709196299999999 25 20 0 0 0 0 0 0 0 0 0 0 45 60 43 27 29 45 52 39 33 33 31 31 
50.8783061 4.708635999999999 0 0 0 0 0 0 0 0 0 34 45 61 79 93 100 93 77 59 0 0 0 0 0 0 
50.8784298 4.7077099 10 1 0 0 0 0 0 0 0 0 0 0 4 7 11 17 27 43 65 86 100 97 80 54 
50.8782091 4.7084074 0 0 0 0 0 0 0 0 0 0 0 0 21 24 24 0 0 21 42 90 100 45 0 0 
50.8705268 4.7041283 0 0 0 0 0 0 0 5 11 19 30 39 47 51 50 45 47 72 97 72 0 0 0 0 
50.8709749 4.705565399999999 0 0 0 0 0 0 0 0 0 75 83 75 62 59 67 81 83 75 59 37 0 0 0 0 
50.87570700000001 4.708579400000001 0 0 0 0 0 0 0 0 0 0 0 38 35 23 0 0 0 41 61 67 55 38 0 0 
50.8709153 4.706969699999999 0 0 0 0 0 0 0 0 25 53 68 53 28 21 31 48 61 65 55 39 0 0 0 0 
50.8751657 4.709699 0 0 0 0 0 0 0 0 8 18 32 48 60 61 53 45 56 88 86 44 0 0 0 0 
50.876433 4.709633 0 0 0 0 0 0 0 0 0 0 1 1 5 5 1 0 0 14 49 89 100 68 0 0 
50.87502199999999 4.708379499999999 14 5 0 0 0 0 0 0 0 0 0 1 26 15 0 1 7 22 49 79 93 79 50 23 
50.87538540000001 4.710636000000001 0 0 0 0 0 0 0 0 0 86 84 48 62 72 74 68 56 40 0 0 0 0 0 0 
50.8803565 4.708944900000001 0 0 0 0 0 0 0 0 0 22 39 56 64 63 67 79 78 51 0 0 0 0 0 0 
50.8807323 4.7076226 0 0 0 0 0 0 0 0 0 18 31 39 36 33 39 48 45 28 0 0 0 0 0 0 
50.88040099999999 4.710507 0 0 0 0 0 0 0 0 0 0 0 0 0 0 0 0 0 0 0 0 0 0 0 0 
50.881715 4.707799899999999 0 0 0 0 0 0 0 0 0 0 25 38 40 35 36 41 41 36 0 0 0 0 0 0 
50.88103479999999 4.708888 0 0 0 0 0 0 0 0 0 16 20 16 20 28 28 28 32 28 0 0 0 0 0 0 
50.8816223 4.7098336 0 0 0 0 0 0 0 0 0 15 18 21 26 35 46 47 35 19 0 0 0 0 0 0 
50.8801918 4.7092681 0 0 0 0 0 0 0 0 0 0 34 46 19 34 53 53 34 19 0 0 0 0 0 0 
50.88085679999999 4.7088154 0 0 0 0 0 0 0 0 11 61 69 41 63 77 55 36 50 55 0 0 0 0 0 0 
50.88064019999999 4.7074001 0 0 0 0 0 0 0 0 0 0 1 14 29 27 27 40 42 25 0 0 0 0 0 0 
50.8813784 4.7096784 0 0 0 0 0 0 0 0 0 46 50 30 40 60 73 76 63 46 0 0 0 0 0 0 
50.88515599999999 4.711090999999999 0 0 0 0 0 0 0 0 0 0 44 71 82 77 75 91 93 64 0 0 0 0 0 0 
50.886093 4.710230600000001 0 0 0 0 0 0 0 0 0 43 47 61 0 69 69 67 0 0 0 0 0 0 0 0 
50.885687 4.710284499999999 0 0 0 0 0 0 0 0 13 26 39 47 43 34 26 13 8 4 0 0 0 0 0 0 
50.8869501 4.707176799999999 0 1 1 1 14 28 41 51 56 61 68 77 84 84 74 56 35 18 9 7 11 15 16 13 
50.8897177 4.7083748 0 0 0 0 0 0 0 0 0 88 98 100 94 82 67 52 41 34 31 31 32 0 0 0 
50.890412 4.707733 0 0 0 0 0 0 0 0 35 57 72 74 67 63 68 74 65 43 0 0 0 0 0 0 
50.89195729999999 4.7073018 0 0 0 0 0 0 0 0 0 0 43 60 60 52 47 47 52 47 34 0 0 0 0 0 
50.8961635 4.707280799999999 0 0 0 0 0 0 0 0 0 14 21 25 22 19 25 39 52 47 29 0 0 0 0 0 
50.8979125 4.7081249 0 0 0 0 0 0 0 0 62 78 79 68 60 69 81 72 43 0 0 0 0 0 0 0 
50.8967904 4.708066400000001 0 0 0 0 0 0 0 0 0 22 41 45 37 39 47 44 42 34 15 0 0 0 0 0 
50.898326 4.708881400000001 0 0 0 0 0 0 0 10 28 48 54 0 0 0 0 0 24 43 59 65 55 37 0 0 
50.8709288 4.7123495 0 0 0 0 0 0 0 0 0 0 0 0 19 21 0 0 0 0 0 38 33 29 29 0 
50.8708457 4.712337700000001 0 0 0 0 0 0 0 46 86 32 18 25 32 37 46 55 60 60 0 0 0 0 0 0 
50.8707733 4.712693600000001 0 0 0 0 0 0 0 0 66 88 77 50 42 61 83 83 59 0 0 0 0 0 0 0 
50.87480619999999 4.7126009 0 0 0 0 0 0 0 0 0 50 71 63 51 60 71 75 65 0 0 0 0 0 0 0 
50.8736232 4.713513499999999 0 0 0 0 0 0 17 28 40 50 54 53 46 39 39 52 66 64 43 0 0 0 0 0 
50.87480600000001 4.712600999999999 0 0 0 0 0 0 0 0 0 0 0 6 6 7 9 13 20 27 30 30 0 0 0 0 
50.88523900000001 4.711015499999999 0 0 0 0 0 0 0 0 0 0 0 0 0 0 28 24 20 12 0 0 0 0 0 0 
50.8838961 4.7125898 0 0 0 0 0 0 0 0 0 72 65 48 62 96 100 65 31 0 0 0 0 0 0 0 
50.884968 4.7112943 0 0 0 0 0 0 0 0 43 64 69 56 43 61 87 79 74 61 15 0 0 0 0 0 
50.882061 4.712556999999999 0 0 0 0 0 0 0 0 0 8 30 55 57 38 24 30 52 79 99 100 80 51 24 0 
50.8825826 4.714108699999999 0 0 0 0 0 0 0 0 0 50 49 47 0 0 50 48 42 0 0 0 0 0 0 0 
50.8820839 4.713961299999999 0 0 0 0 0 0 0 8 11 14 16 19 21 22 23 26 40 59 55 29 0 0 0 0 
50.8818613 4.7140735 0 0 0 0 0 0 0 0 0 0 0 14 18 20 22 23 23 25 31 36 29 15 0 0 
50.8819814 4.7123066 0 0 0 0 0 0 0 0 0 0 50 62 75 75 62 62 50 50 50 37 37 25 0 0 
50.882464 4.7134789 0 0 0 0 0 0 0 0 72 65 62 96 100 68 41 44 55 31 0 0 0 0 0 0 
50.8817379 4.714102 0 0 0 0 0 0 0 0 0 0 23 28 31 33 37 44 55 67 75 75 67 53 0 0 
50.8794258 4.7115618 0 0 0 0 0 0 0 0 18 31 37 37 43 56 75 75 50 0 0 0 0 0 0 0 
50.8807459 4.7116007 0 0 0 0 0 0 0 0 0 0 46 48 44 48 57 58 48 33 0 0 0 0 0 0 
50.87291 4.716512300000001 0 0 0 0 0 0 0 0 22 32 46 56 63 63 56 46 34 22 0 0 0 0 0 0 
50.8735687 4.715449099999999 0 0 0 0 0 0 0 0 0 0 0 0 0 0 0 0 0 16 32 54 70 66 43 0 
50.8735746 4.7153942 0 0 0 0 0 0 0 0 0 0 45 45 40 38 50 59 45 19 0 0 0 0 0 0 
50.875992 4.7149342 0 0 0 0 0 0 0 0 0 37 51 62 55 44 37 41 37 0 0 0 0 0 0 0 
50.87697199999999 4.716817 0 0 0 0 0 0 0 0 20 41 50 49 46 36 33 38 29 0 0 0 0 0 0 0 
50.877456 4.715487999999999 0 0 0 0 0 0 0 0 0 66 75 75 66 58 50 58 66 0 0 0 0 0 0 0 
50.8797387 4.715959799999999 0 0 0 0 0 0 0 20 37 53 64 64 54 50 69 83 60 38 30 0 0 0 0 0 
50.8810423 4.717703 0 0 0 0 0 0 0 0 0 50 73 80 76 80 93 100 86 0 0 0 0 0 0 0 
50.881329 4.7156693 2 0 0 0 0 7 35 69 68 42 33 41 44 44 49 58 66 68 63 52 38 25 14 6 
50.8762479 4.712852600000001 0 0 0 0 0 0 0 0 0 60 90 90 80 80 100 100 80 0 0 0 0 0 0 0 
50.87622 4.712810000000001 0 0 0 0 0 0 0 0 0 60 90 90 80 80 100 100 80 0 0 0 0 0 0 0 
50.876304 4.713022 0 0 0 0 0 0 0 0 47 84 100 76 39 18 13 15 18 21 21 21 18 0 0 0 
50.877421 4.714531999999999 0 0 0 0 0 0 0 0 0 24 37 45 48 54 59 54 37 18 0 0 0 0 0 0 
50.8761332 4.7118399 0 0 0 0 0 0 0 0 0 0 0 3 32 6 0 0 0 19 61 96 75 28 0 0 
50.884084 4.717125 0 0 0 0 0 0 0 0 0 0 63 41 31 0 73 65 39 19 0 0 0 0 0 0 
50.8836912 4.717796699999999 0 0 0 0 0 0 0 0 26 65 100 96 63 36 36 53 68 70 55 0 0 0 0 0 
50.8837503 4.7183076 0 0 0 0 0 0 0 0 0 0 0 5 13 22 32 41 46 44 38 32 49 92 74 0 
50.88421880000001 4.717414000000001 0 0 0 0 0 0 0 0 16 34 46 51 44 34 27 23 23 23 23 23 18 13 9 0 
50.88565560000001 4.718600599999999 0 0 0 0 0 0 0 0 0 18 27 15 10 31 70 100 87 46 15 0 0 0 0 0 
50.8858306 4.7189 0 0 0 0 0 0 0 0 0 3 8 15 20 27 46 81 100 76 34 0 0 0 0 0 
50.8866468 4.719173 0 0 0 0 0 0 0 0 0 0 0 0 0 0 0 0 0 0 0 0 0 0 0 0 
50.8735621 4.720028099999999 0 0 0 0 0 0 0 0 4 16 41 50 41 33 33 37 45 45 41 37 0 0 0 0 
50.8737618 4.7218393 0 0 0 0 0 0 0 0 0 0 0 0 0 0 0 0 0 0 0 0 0 0 0 0 
50.8719195 4.7213324 0 0 0 0 0 0 0 0 24 32 33 28 20 28 100 26 45 90 7 0 0 0 0 0 
50.8722043 4.721220800000001 0 0 0 0 0 0 0 0 0 0 0 0 2 1 0 0 0 0 29 46 58 56 0 0 
50.8720434 4.722056199999999 0 0 0 0 0 0 0 12 93 51 29 37 34 32 44 62 62 41 0 0 0 0 0 0 
50.8722404 4.721216900000001 0 0 0 0 0 0 0 0 0 0 0 0 2 1 0 0 0 0 29 46 58 56 0 0 
50.8718337 4.721975099999999 0 0 0 0 0 0 0 0 0 25 26 26 26 0 36 44 44 36 23 0 0 0 0 0 
50.8723981 4.719531 0 0 0 0 0 0 0 0 0 16 29 41 50 50 45 41 37 33 0 0 0 0 0 0 
50.8836904 4.720306799999999 0 0 0 0 0 0 0 0 0 0 57 61 33 57 52 33 61 61 0 0 0 0 0 0 
50.8838202 4.719448 0 0 0 0 0 0 0 0 0 0 41 54 62 75 87 87 62 33 0 0 0 0 0 0 
50.8861302 4.7197362 0 0 0 0 0 0 0 0 6 20 44 58 52 32 34 68 66 0 0 0 0 0 0 0 
50.88576399999999 4.719694 0 0 0 0 0 0 0 0 5 21 34 32 34 54 84 100 89 60 32 14 0 0 0 0 
50.8849602 4.719473400000001 2 2 1 1 2 2 5 14 27 30 22 25 43 69 91 100 90 66 40 21 10 6 5 4 
50.8926352 4.719720000000001 0 0 0 0 0 0 0 0 0 0 0 14 17 25 51 79 68 29 0 0 0 0 0 0 
50.8915068 4.719922100000001 0 0 0 0 0 0 0 0 0 0 2 23 15 25 28 30 25 7 0 0 0 0 0 0 
50.8869836 4.7218388 0 0 0 0 0 0 0 0 13 36 50 46 53 60 53 46 70 100 66 0 0 0 0 0 
50.8889447 4.7210385 0 0 0 0 0 0 0 0 22 50 50 27 16 16 22 27 27 22 16 0 0 0 0 0 
50.8710809 4.7249943 0 0 0 0 0 0 0 0 0 0 36 55 55 53 63 72 66 47 26 0 0 0 0 0 
50.8709505 4.7252919 0 0 0 0 0 0 0 0 0 78 85 42 14 0 14 35 64 57 0 0 0 0 0 0 
50.87134289999999 4.724015200000001 0 0 0 0 0 0 0 0 27 55 38 11 5 11 22 33 33 33 22 16 22 0 0 0 
50.8782143 4.719739399999999 0 0 0 0 0 0 0 0 21 36 45 45 42 45 63 87 100 84 54 27 0 0 0 0 
50.872888 4.724847 1 1 1 1 1 1 1 1 2 9 16 24 31 37 42 43 41 36 30 23 15 8 1 1 
50.87425260000001 4.7252519 0 0 0 0 0 0 0 0 31 62 82 68 44 27 31 34 31 17 6 0 0 0 0 0 
50.8761692 4.726281599999999 0 0 0 0 0 0 0 0 43 7 35 54 19 25 60 94 98 68 31 0 0 0 0 0 
50.8759987 4.726101900000001 0 0 0 0 0 0 0 0 24 21 21 39 60 66 57 48 48 42 0 0 0 0 0 0 
50.87445470000001 4.724551600000001 0 0 0 0 0 0 0 0 0 23 35 38 28 16 11 23 57 76 54 0 0 0 0 0 
50.8763158 4.7259983 0 0 0 0 0 0 0 0 13 22 33 41 45 42 36 35 46 61 58 36 0 0 0 0 
50.87883249999999 4.722402400000001 0 0 0 0 0 0 0 0 0 46 56 66 76 93 100 90 60 33 0 0 0 0 0 0 
50.8842301 4.7241981 0 0 0 0 0 0 0 0 0 0 21 34 45 50 49 42 56 93 58 0 0 0 0 0 
50.8916325 4.7255021 0 0 0 0 0 0 0 0 0 0 0 72 60 48 80 60 20 0 0 0 0 0 0 0 
50.89497679999999 4.7231169 0 0 0 0 0 0 0 7 10 13 16 20 26 36 49 61 63 55 39 0 0 0 0 0 
50.8716667 4.7275 0 0 0 0 0 0 0 0 21 31 42 51 57 58 55 51 54 67 72 53 0 0 0 0 
50.87035909999999 4.7282569 0 0 0 0 0 0 0 0 0 64 52 20 72 76 36 60 76 76 64 0 0 0 0 0 
50.8824992 4.7296786 0 0 0 0 0 0 0 0 27 51 54 39 30 41 60 77 81 72 52 0 0 0 0 0 
50.8817624 4.7280453 25 25 25 25 0 0 0 0 0 0 0 0 0 0 0 0 0 0 0 0 0 0 0 0 
50.8844964 4.7271524 0 0 0 0 0 0 0 0 4 40 100 54 18 27 50 72 77 59 40 0 0 0 0 0 
50.8843079 4.728313 0 0 0 0 0 0 0 0 30 56 78 85 75 62 56 57 57 50 38 0 0 0 0 0 
50.884352 4.727583 0 0 0 0 0 0 0 0 49 68 72 59 44 47 71 97 100 73 38 13 0 0 0 0 
50.879183 4.7286531 0 0 0 0 0 0 0 40 52 72 95 100 84 68 56 43 0 0 0 0 0 0 0 0 
50.878803 4.729566 0 0 0 0 0 0 0 0 0 0 0 13 16 18 20 20 22 37 67 48 17 8 0 0 
50.88101109999999 4.7288203 0 0 0 0 0 0 0 0 0 0 0 0 0 94 100 89 66 0 0 0 0 0 0 0 
50.8903065 4.7285144 0 0 0 0 0 0 0 0 31 37 37 31 28 31 43 59 59 62 87 100 78 0 0 0 
50.8903 4.728519 22 22 22 22 13 18 22 40 63 81 86 72 54 40 31 31 36 40 50 63 59 40 31 27 
50.8911309 4.729776099999999 0 0 0 0 0 0 0 0 28 37 60 88 51 51 62 60 37 17 0 0 0 0 0 0 
50.890972 4.7305682 0 0 0 0 0 0 0 21 37 46 40 25 0 21 37 56 65 59 43 21 0 0 0 0 
50.89006999999999 4.7282055 0 0 0 0 0 0 0 47 70 38 23 26 0 0 0 0 8 11 14 14 14 14 11 0 
50.87856359999999 4.6743532 0 0 0 0 0 0 0 0 8 33 55 44 24 22 26 28 22 15 8 0 0 0 0 0 
50.87884169999999 4.6745148 0 0 0 0 0 0 0 0 42 65 68 80 97 94 65 34 14 8 2 0 0 0 0 0 
50.8863171 4.671287 0 0 0 0 0 0 0 0 0 67 85 77 57 44 40 37 31 23 0 0 0 0 0 0 
50.8861122 4.671910699999999 0 0 0 0 0 0 0 0 0 28 37 39 34 26 26 46 61 43 0 0 0 0 0 0 
50.87372799999999 4.6716923 0 0 0 0 0 0 0 0 14 33 42 34 24 30 44 55 50 34 18 8 0 0 0 0 
50.8729921 4.672610400000001 16 16 16 16 16 16 16 16 16 25 41 41 33 16 8 8 25 41 75 83 66 41 25 16 
50.87625260000001 4.6808374 0 0 0 0 0 0 0 0 0 7 19 19 7 3 11 26 34 34 23 11 0 0 0 0 
50.87684700000001 4.682764500000001 0 0 0 0 0 0 0 0 0 32 84 64 28 36 40 28 64 100 0 0 0 0 0 0 
50.8829107 4.683866699999999 0 0 0 0 0 3 3 6 9 9 9 12 9 9 9 6 6 3 6 24 72 100 66 21 
50.8827914 4.684747 0 0 0 0 0 3 3 6 9 9 9 12 9 9 9 6 6 3 6 24 72 100 66 21 
50.898332 4.682213000000001 0 0 0 0 0 0 0 0 0 7 16 24 29 33 39 37 27 13 5 0 0 0 0 0 
50.873912 4.687781 0 0 0 0 0 0 69 92 100 92 73 53 38 34 34 34 34 34 30 0 0 0 0 0 
50.8705485 4.6920896 0 0 0 0 0 0 0 0 0 0 0 2 7 5 0 0 0 8 45 88 69 22 0 0 
50.8742409 4.6903062 0 0 0 0 0 0 0 1 3 8 15 22 24 22 19 17 21 29 36 31 17 5 0 0 
50.87424799999999 4.6916248 0 0 0 0 0 0 0 0 0 0 55 61 0 48 42 51 63 55 0 0 0 0 0 0 
50.8749715 4.6908603 0 0 0 0 0 0 0 0 0 25 41 58 75 83 91 91 83 58 33 0 0 0 0 0 
50.8693811 4.6916644 0 0 0 0 0 0 0 0 3 5 8 11 14 16 16 17 20 29 38 40 39 33 22 10 
50.882543 4.691317 0 0 0 0 0 0 25 32 45 62 70 55 30 0 0 0 0 0 0 0 0 0 0 0 
50.8835552 4.6897109 0 0 0 0 0 0 0 0 36 54 62 57 50 50 63 78 81 68 45 0 0 0 0 0 
50.8795515 4.689808899999999 0 0 0 0 0 0 0 0 0 0 9 20 36 52 65 72 68 56 43 0 0 0 0 0 
50.8796095 4.6894215 0 0 0 0 0 0 0 0 15 30 38 38 23 7 7 15 30 53 69 76 61 38 15 0 
50.8724211 4.6923168 0 0 0 0 0 0 0 0 0 31 55 71 71 66 68 77 80 66 42 0 0 0 0 0 
50.88627770000001 4.695958200000001 0 0 0 0 0 0 0 0 0 21 28 33 35 33 28 23 21 21 0 0 0 0 0 0 
50.86961669999999 4.6945093 0 0 0 0 0 0 0 0 0 0 0 67 76 44 0 0 18 46 67 65 65 83 0 0 
50.8767055 4.690594 50 45 37 37 33 29 29 29 33 37 41 41 41 37 33 29 25 25 29 45 66 83 83 75 
50.87657710000001 4.689526300000001 8 4 4 4 4 4 4 4 4 4 4 8 12 12 8 24 76 24 4 4 4 8 8 8 
50.88089799999999 4.694787700000001 0 0 0 0 0 0 0 0 11 22 37 52 62 65 60 57 72 95 90 54 0 0 0 0 
50.8807215 4.6925915 0 0 0 0 0 0 0 0 0 14 29 45 53 48 33 29 59 57 0 0 0 0 0 0 
50.8805372 4.693319299999999 0 0 0 0 0 0 0 0 0 63 86 100 97 84 68 52 40 0 0 0 0 0 0 0 
50.8808686 4.6921708 0 0 0 0 0 0 0 0 23 42 65 78 78 71 68 68 60 44 0 0 0 0 0 0 
50.87148930000001 4.699651200000001 0 0 0 0 0 0 0 0 32 42 32 17 14 28 32 25 35 35 0 0 0 0 0 0 
50.8779875 4.6986094 0 0 0 0 0 0 0 0 0 16 21 23 39 48 43 27 12 0 0 0 0 0 0 0 
50.87815860000001 4.6976285 0 0 0 0 0 0 0 0 0 7 17 31 44 55 57 53 43 28 0 0 0 0 0 0 
50.8779109 4.6990412 37 22 10 0 0 0 0 0 0 0 0 0 0 0 4 9 15 22 28 36 46 55 57 49 
50.8796313 4.6987729 0 0 0 0 0 0 0 0 17 24 31 36 37 34 28 35 57 0 0 0 0 0 0 0 
50.8797428 4.699203400000001 0 0 0 0 0 0 0 0 0 0 20 28 23 45 64 42 39 25 0 0 0 0 0 0 
50.8799056 4.6998002 0 0 0 0 0 0 0 0 0 62 92 96 85 0 11 11 22 14 0 0 0 0 0 0 
50.8796978 4.699262099999999 0 0 0 0 0 0 0 0 0 4 17 25 28 39 43 29 31 31 0 0 0 0 0 0 
50.8798121 4.6989496 0 0 0 0 0 0 0 0 0 0 12 18 18 30 51 51 27 9 0 0 0 0 0 0 
50.8796122 4.6989222 0 0 0 0 0 0 0 0 17 27 39 49 56 56 50 45 63 82 46 0 0 0 0 0 
50.8796548 4.699443100000001 0 0 0 0 0 0 0 0 0 8 12 14 16 24 38 46 38 20 0 0 0 0 0 0 
50.88086199999999 4.698419200000001 0 0 0 0 0 0 0 0 0 62 68 75 87 93 100 93 87 75 0 0 0 0 0 0 
50.880387 4.696410999999999 0 0 0 0 0 0 0 0 0 18 29 37 44 48 48 40 29 22 0 0 0 0 0 0 
50.87960040000001 4.6996801 0 0 0 0 0 0 0 0 0 6 12 21 32 43 50 47 34 18 0 0 0 0 0 0 
50.8858833 4.7000948 0 0 0 0 0 0 0 0 0 50 90 100 76 56 60 63 53 33 13 0 0 0 0 0 
50.87348799999999 4.7036 0 0 0 0 0 0 0 0 0 35 59 67 62 64 82 92 78 47 20 6 0 0 0 0 
50.8731891 4.7019554 49 0 0 0 0 0 0 0 0 0 0 0 0 0 6 9 14 20 28 42 65 87 92 72 
50.87135500000001 4.702656900000001 0 0 0 0 0 0 0 0 8 17 30 43 53 57 54 52 54 62 73 79 77 65 48 30 
50.87538900000001 4.7000169 0 0 0 0 0 0 0 0 0 0 0 0 1 1 0 0 0 0 1 3 8 0 0 0 
50.87614310000001 4.7002711 0 0 0 0 0 0 0 0 14 21 29 34 37 36 32 32 43 66 74 54 0 0 0 0 
50.87666350000001 4.7005953 0 0 0 0 0 0 0 0 0 0 0 0 4 2 0 0 0 20 35 47 52 43 29 0 
50.88041269999999 4.7019874 0 0 0 0 0 0 0 0 46 85 95 68 37 27 27 25 0 0 0 0 0 0 0 0 
50.8814133 4.700166900000001 11 0 0 0 0 0 0 0 0 0 0 11 15 17 19 22 30 45 66 88 100 94 74 46 
50.874668 4.700898999999999 0 0 0 0 0 0 0 0 13 30 50 64 70 75 82 89 86 73 55 39 26 17 11 6 
50.8802168 4.700972500000001 0 0 0 0 0 0 0 0 8 17 29 41 50 55 61 71 72 50 0 0 0 0 0 0 
50.8804254 4.7028705 0 0 0 0 0 0 0 0 0 0 1 5 11 21 30 35 30 18 0 0 0 0 0 0 
50.8778574 4.703389999999999 0 0 0 0 0 0 0 0 0 0 0 0 8 21 13 0 0 11 35 62 67 45 0 0 
50.87831 4.701322 0 0 0 0 0 0 0 0 0 0 0 0 0 0 0 0 0 0 0 0 0 0 0 0 
50.8785117 4.7005991 0 0 0 0 0 0 0 0 0 0 0 0 0 0 0 0 0 0 0 0 0 0 0 0 
50.8782944 4.7015194 0 0 0 0 0 0 0 0 0 0 0 0 5 6 1 0 0 8 23 41 45 33 0 0 
50.878194 4.7020611 0 0 0 0 0 0 0 0 0 0 0 0 18 16 9 0 0 0 29 47 42 21 4 0 
50.8815943 4.6976489 0 0 0 0 0 0 0 0 0 7 15 25 0 47 55 60 59 56 59 77 0 0 0 0 
50.8834645 4.698443999999999 0 0 0 0 0 0 0 0 0 0 0 0 27 28 0 0 0 0 26 46 57 51 0 0 
50.882527 4.699877000000001 0 0 0 0 0 0 0 0 0 45 37 37 50 62 62 62 70 70 54 0 0 0 0 0 
50.8816685 4.6966929 0 0 0 0 0 0 0 0 0 0 0 0 0 0 0 0 0 30 69 100 92 55 0 0 
50.88351979999999 4.6982013 0 0 0 0 0 0 0 0 0 25 45 56 56 54 70 90 90 61 0 0 0 0 0 0 
50.8854301 4.7007805 53 50 50 46 65 61 57 57 57 61 65 69 73 73 69 65 57 53 46 42 42 46 50 57 
50.8870927 4.699917800000001 0 0 0 0 0 0 0 0 0 0 0 21 26 29 30 30 30 36 47 59 63 54 37 19 
50.86865 4.705289899999999 24 17 12 10 8 11 15 21 25 30 32 37 42 52 65 74 75 71 62 54 45 38 31 22 
50.87912009999999 4.706128 0 0 0 0 0 0 0 0 0 6 14 35 65 85 71 40 21 25 42 35 9 1 0 0 
50.8691329 4.7062953 0 0 0 0 10 10 30 50 80 100 100 100 80 70 60 50 50 50 40 30 30 20 10 10 
50.8791339 4.704687499999999 0 0 0 0 0 0 0 0 0 0 42 23 30 53 73 76 69 50 0 0 0 0 0 0 
50.88034880000001 4.7067449 0 0 0 0 0 0 0 0 0 0 21 42 39 32 42 53 50 32 0 0 0 0 0 0 
50.88032339999999 4.7054904 0 0 0 0 0 0 0 0 26 39 35 55 67 54 29 10 2 0 0 0 0 0 0 0 
50.8801437 4.7052711 19 9 1 1 1 1 6 14 25 36 44 48 46 42 39 43 58 76 88 85 72 57 43 30 
50.8796939 4.705208100000001 0 0 0 0 0 0 0 0 0 0 33 44 38 33 44 72 77 38 0 0 0 0 0 0 
50.8835489 4.7038271 0 0 0 0 0 0 0 0 0 0 59 65 56 38 22 20 68 100 0 0 0 0 0 0 
50.89704829999999 4.705786 0 0 0 0 0 0 0 55 81 92 84 63 55 65 73 57 0 0 0 0 0 0 0 0 
50.8959379 4.705110599999999 0 0 0 0 0 0 0 0 0 0 0 0 46 61 76 69 53 38 23 23 15 15 0 0 
50.8900744 4.7056344 0 0 0 0 0 0 0 0 0 33 44 46 42 43 47 48 44 34 22 0 0 0 0 0 
50.8920852 4.7058951 0 0 0 0 0 0 0 0 0 0 24 25 24 24 28 31 28 18 10 0 0 0 0 0 
50.8912519 4.7060015 0 0 0 0 0 0 0 0 0 10 19 32 50 67 74 67 49 28 13 0 0 0 0 0 
50.8922063 4.705954699999999 6 0 0 0 0 0 0 0 0 0 3 5 8 9 8 6 8 19 44 77 100 96 68 37 
50.87725750000001 4.7044283 0 0 0 0 0 0 0 0 0 0 0 0 7 9 11 12 13 14 56 81 52 57 0 0 
50.87756549999999 4.7039697 0 0 0 0 0 0 0 0 0 0 0 4 57 36 0 0 0 25 63 70 0 0 0 0 
50.8772095 4.7035635 0 0 0 0 0 0 0 0 0 0 0 0 66 83 33 0 0 25 61 64 0 0 0 0 
50.8782051 4.7060395 0 0 0 0 0 0 0 0 0 6 15 27 35 36 37 39 38 27 13 0 0 0 0 0 
50.8704272 4.7093301 0 0 0 0 0 0 0 16 47 85 100 83 47 21 28 83 97 59 45 0 0 0 0 0 
50.8716646 4.706630400000001 0 0 0 0 0 0 0 0 0 0 0 0 0 0 0 0 0 0 0 0 0 0 0 0 
50.8718123 4.7065704 57 37 0 0 0 0 0 0 0 0 0 0 0 3 4 5 6 12 26 53 84 100 92 71 
50.8701324 4.706469099999999 0 0 0 0 0 0 0 0 0 0 0 0 4 7 0 0 0 34 73 87 60 26 0 0 
50.8809481 4.709118199999999 0 0 0 0 0 0 0 0 0 57 37 53 60 55 60 66 57 35 0 0 0 0 0 0 
50.881474 4.7096405 0 0 0 0 0 0 0 0 0 12 28 34 31 40 59 62 42 17 0 0 0 0 0 0 
50.8810829 4.708514699999999 0 0 0 0 0 0 0 0 0 26 44 53 51 46 53 68 71 53 28 0 0 0 0 0 
50.8811957 4.7083476 0 0 0 0 0 0 0 0 0 0 35 29 25 39 58 68 64 50 0 0 0 0 0 0 
50.8811443 4.708300200000001 0 0 0 0 0 0 0 0 0 0 34 62 47 49 78 80 45 14 0 0 0 0 0 0 
50.8854891 4.7053593 0 0 0 0 0 0 0 0 19 39 64 79 75 62 56 59 61 56 43 28 0 0 0 0 
50.8883921 4.7056584 0 0 0 0 0 0 0 0 0 0 27 39 42 47 57 61 50 29 13 0 0 0 0 0 
50.8846044 4.7053942 0 0 0 0 0 0 0 0 0 16 28 41 48 47 45 58 74 51 0 0 0 0 0 0 
50.87928720000001 4.7102552 0 0 0 0 0 0 0 0 0 0 73 76 70 60 50 66 93 70 0 0 0 0 0 0 
50.87867000000001 4.707949300000001 0 0 0 0 0 0 0 0 0 61 74 74 68 61 55 46 34 23 12 4 0 0 0 0 
50.8773269 4.709709599999999 0 0 0 0 0 0 0 0 0 32 56 74 80 81 85 87 76 53 29 12 0 0 0 0 
50.8795821 4.709231 0 0 0 0 0 0 0 0 0 45 86 54 40 72 100 86 90 63 0 0 0 0 0 0 
50.8781506 4.707263 0 0 0 0 0 0 0 0 0 0 57 73 77 82 94 100 88 0 0 0 0 0 0 0 
50.8807364 4.712629499999999 0 0 0 0 0 0 0 0 5 15 36 52 57 63 73 63 36 0 0 0 0 0 0 0 
50.87904729999999 4.712629699999999 0 0 0 0 0 0 0 27 50 71 79 72 55 42 35 40 77 100 53 0 0 0 0 0 
50.8759887 4.711617200000001 0 0 0 0 0 0 0 10 16 21 27 31 35 36 36 35 39 59 75 49 0 0 0 0 
50.88558469999999 4.7185003 0 0 0 0 0 0 0 0 0 0 0 0 33 41 52 60 58 52 54 63 66 53 30 10 
50.8816105 4.715448 0 0 0 0 0 0 0 13 9 11 18 25 27 23 16 9 6 4 0 0 0 0 0 0 
50.8815146 4.715580899999999 0 0 0 0 0 0 0 38 71 71 66 76 68 43 31 37 44 39 0 0 0 0 0 0 
50.8821671 4.7175571 0 0 0 0 0 0 0 0 0 0 0 16 20 13 0 0 3 33 76 83 46 13 3 0 
50.8738553 4.7139566 0 0 0 0 0 0 0 0 0 30 69 72 39 0 0 0 0 0 0 0 0 0 0 0 
50.8739774 4.7138277 0 0 0 0 0 0 0 0 0 45 52 49 47 50 66 84 98 100 0 0 0 0 0 0 
50.8737327 4.713277000000001 0 0 0 0 0 0 0 0 0 0 0 0 0 0 0 0 0 13 41 41 13 3 17 0 
50.8737645 4.713912700000001 0 0 0 0 0 0 0 0 0 33 46 33 33 46 40 40 60 46 0 0 0 0 0 0 
50.8846719 4.7118604 0 0 0 0 0 0 0 0 0 6 10 14 18 20 21 23 25 25 22 21 23 17 6 0 
50.88346670000001 4.7180122 0 0 0 0 0 0 0 27 42 35 22 10 10 12 15 12 7 5 0 0 0 0 0 0 
50.884527 4.718024 0 0 0 0 0 0 0 0 0 25 54 56 31 34 72 79 86 77 0 0 0 0 0 0 
50.8986818 4.718313 0 0 0 0 0 0 0 0 52 100 95 52 38 38 42 38 33 23 0 0 0 0 0 0 
50.8820881 4.7129457 0 0 0 0 0 0 0 0 0 0 25 41 30 22 30 38 41 34 0 0 0 0 0 0 
50.8825827 4.7140567 0 0 0 0 0 0 0 0 0 53 49 37 0 36 32 24 16 0 0 0 0 0 0 0 
50.8820036 4.7131975 0 0 0 0 0 0 0 0 18 37 56 62 56 43 43 56 75 81 68 43 25 12 12 0 
50.88199539999999 4.7124327 0 0 0 0 0 0 0 0 0 0 14 19 33 52 76 85 80 52 0 0 0 0 0 0 
50.8819868 4.7140033 0 0 0 0 0 0 0 0 0 0 14 40 54 39 16 12 24 44 57 59 46 28 0 0 
50.88186950000001 4.712609800000001 0 0 0 0 0 0 0 0 20 5 0 15 55 100 100 75 55 25 0 0 0 0 0 0 
50.8732672 4.7167492 0 0 0 0 0 0 0 0 0 0 33 42 47 52 59 66 78 85 85 78 61 42 0 0 
50.8734815 4.7157668 0 0 0 0 0 0 0 0 0 57 57 14 0 47 33 66 100 57 9 0 0 0 0 0 
50.8730383 4.7168036 0 0 0 0 0 0 0 0 9 22 40 54 59 63 72 81 86 77 50 0 0 0 0 0 
50.8732327 4.7158204 0 0 0 0 0 0 0 81 100 72 65 46 39 51 58 46 25 0 0 0 0 0 0 0 
50.87291860000001 4.7172904 0 0 0 0 0 0 0 0 0 52 40 22 14 20 36 54 66 66 52 0 0 0 0 0 
50.87325309999999 4.714714099999999 19 0 0 0 0 0 0 0 0 0 0 10 13 15 16 17 23 37 58 78 85 75 55 33 
50.8720521 4.7219743 0 0 0 0 0 0 0 0 0 42 55 55 55 64 80 88 75 48 0 0 0 0 0 0 
50.8718612 4.721865999999999 0 0 0 0 0 0 0 0 42 56 65 70 68 61 54 58 70 63 0 0 0 0 0 0 
50.871966 4.7212018 0 0 0 0 0 0 0 11 7 2 3 5 5 5 4 3 2 1 0 0 0 0 0 0 
50.8849908 4.7199849 9 0 0 0 0 0 0 0 0 0 0 0 1 14 40 72 96 100 88 76 71 69 60 41 
50.8829498 4.7223114 0 0 0 0 0 0 0 0 0 0 0 0 18 28 40 48 50 44 37 33 30 25 17 0 
50.883026 4.722273700000001 0 0 0 0 0 0 0 0 0 0 0 0 0 0 0 0 0 37 33 41 58 39 0 0 
50.8833816 4.722099399999999 0 0 0 0 0 0 0 0 0 6 12 19 25 27 22 15 0 0 0 0 0 0 0 0 
50.8871549 4.721805199999999 0 0 0 0 0 0 0 0 6 20 44 58 52 32 34 68 66 0 0 0 0 0 0 0 
50.88752689999999 4.7226197 0 0 0 0 0 0 0 0 0 44 59 59 46 36 40 61 78 80 61 0 0 0 0 0 
50.8709745 4.7253099 0 0 0 0 0 0 0 0 0 54 70 20 12 33 33 33 62 25 0 0 0 0 0 0 
50.8711376 4.7248326 0 0 0 0 0 0 0 0 0 17 34 39 27 18 20 27 29 24 0 0 0 0 0 0 
50.87602159999999 4.7255105 0 0 0 0 0 0 0 32 36 36 32 28 24 24 24 28 32 36 40 40 36 28 0 0 
50.87591010000001 4.725383400000001 0 0 0 0 0 0 0 0 42 78 100 88 66 53 51 48 44 39 31 0 0 0 0 0 
50.8758018 4.725855999999999 0 0 0 0 0 0 0 11 23 30 24 17 60 11 3 7 7 2 0 0 0 0 0 0 
50.8801273 4.718687799999999 0 0 0 0 0 0 0 0 0 0 0 23 26 24 21 18 18 27 46 56 47 27 0 0 
50.88038460000001 4.7186438 0 0 0 0 0 0 0 2 10 28 56 73 69 54 52 69 80 65 34 0 0 0 0 0 
50.8839759 4.7234039 0 0 0 0 0 0 0 0 31 44 55 60 57 50 45 47 46 37 0 0 0 0 0 0 
50.8840477 4.724258499999999 0 0 0 0 0 0 0 3 6 8 11 14 16 18 18 18 23 38 42 24 0 0 0 0 
50.8841203 4.7227824 0 0 0 0 0 0 0 0 0 0 0 25 44 45 27 13 15 30 48 55 45 27 0 0 
50.88406370000001 4.724234500000001 0 0 0 0 0 0 0 0 0 35 32 34 36 34 35 38 35 0 0 0 0 0 0 0 
50.871073 4.7262884 0 0 0 0 0 6 18 35 52 64 64 54 44 36 35 36 37 36 32 27 0 0 0 0 
50.8827384 4.726616699999999 22 14 11 11 7 11 11 18 25 37 51 62 77 85 85 81 70 59 48 40 33 25 22 18 
50.8841133 4.729149800000001 0 0 0 0 0 0 0 0 0 50 23 3 3 13 46 76 93 86 60 30 3 3 3 0 
50.8896935 4.730157 0 0 0 0 0 0 0 0 0 0 0 0 0 0 19 25 21 18 27 40 29 0 0 0 
50.87052449999999 4.6762061 0 0 0 0 0 0 0 16 64 70 35 35 45 51 51 48 38 0 0 0 0 0 0 0 
50.8766572 4.681964899999999 0 0 0 0 0 0 0 0 11 23 38 50 0 0 0 0 0 0 0 0 0 0 0 0 
50.87698799999999 4.683358 1 0 0 0 0 0 17 65 100 67 30 26 32 38 42 44 40 34 25 17 11 5 0 0 
50.8767597 4.683254199999999 0 0 0 0 0 0 0 0 0 0 1 8 15 21 25 31 40 50 60 65 62 51 34 17 
50.8774635 4.683688 1 0 0 0 0 0 17 65 100 67 30 26 32 38 42 44 40 34 25 17 11 5 0 0 
50.8765545 4.6838853 0 0 0 0 0 0 0 0 0 0 0 6 9 9 7 4 3 19 80 100 33 0 0 0 
50.8749225 4.688884199999999 10 10 10 10 10 10 10 20 20 20 20 20 20 10 10 20 40 60 60 60 50 30 10 10 
50.87477149999999 4.691312600000001 0 0 0 0 0 0 0 0 0 0 0 18 24 36 49 60 67 63 59 54 50 44 31 0 
50.8793375 4.6892172 0 0 0 0 0 0 0 0 0 0 52 70 52 35 52 70 35 23 23 0 0 0 0 0 
50.8774467 4.6937519 0 0 0 0 0 0 0 0 0 62 81 56 43 43 37 25 12 0 0 0 0 0 0 0 
50.8741789 4.693974600000001 5 5 5 5 5 5 5 5 5 5 16 38 50 50 38 38 100 77 22 16 16 16 16 11 
50.87580470000001 4.6907576 0 0 0 0 0 0 0 0 0 20 46 69 70 47 21 10 19 17 0 0 0 0 0 0 
50.881032 4.6936583 78 78 78 78 78 78 78 78 78 78 85 85 85 85 85 85 85 85 85 92 92 100 100 100 
50.88156439999999 4.6940491 0 0 0 0 0 0 0 0 0 6 12 18 25 25 25 18 12 6 6 50 100 6 0 0 
50.8807244 4.6938187 0 0 0 0 0 0 0 0 0 4 26 58 73 51 31 36 36 19 4 0 0 0 0 0 
50.8806987 4.6939848 0 0 0 0 0 0 0 0 0 30 48 57 53 49 48 42 28 0 0 0 0 0 0 0 
50.8713832 4.699410500000001 0 0 0 0 0 0 0 0 5 13 21 18 10 5 0 5 18 23 21 26 31 23 0 0 
50.8783498 4.6979227 0 0 0 0 0 0 0 0 0 0 0 22 35 43 43 36 29 30 44 64 74 64 40 0 
50.8777243 4.698893500000001 60 59 41 21 33 24 18 16 17 18 17 15 12 9 6 6 7 10 15 18 19 21 25 31 
50.8779742 4.6990076 29 17 10 0 10 7 4 2 2 2 2 2 2 4 0 0 5 7 10 16 29 44 47 38 
50.88473279999999 4.6951968 2 1 1 1 1 1 1 1 1 1 1 1 0 0 0 1 1 1 1 0 0 2 40 45 
50.885074 4.693265999999999 47 70 82 70 82 94 100 94 82 76 76 70 52 35 17 5 0 0 0 0 0 0 5 17 
50.8809349 4.698671900000001 0 0 0 0 0 0 0 0 0 0 0 30 58 73 50 30 28 25 0 0 0 0 0 0 
50.8799357 4.699910700000001 0 0 0 0 0 0 0 0 0 0 0 0 0 0 0 0 0 16 35 40 43 26 0 0 
50.87998020000001 4.699897300000001 0 0 0 0 0 0 0 0 0 0 1 12 22 22 17 20 25 20 11 0 0 0 0 0 
50.8809407 4.699089700000001 0 0 0 0 0 0 0 0 0 0 0 0 0 0 0 0 0 0 0 0 0 0 0 0 
50.88496789999999 4.6970335 0 0 0 0 0 0 0 0 0 0 12 18 6 18 50 81 87 62 25 6 0 0 0 0 
50.872646 4.702103999999999 81 81 81 72 81 81 81 81 72 63 54 36 27 18 9 9 9 36 72 72 63 81 90 100 
50.8848776 4.6983445 81 70 62 62 59 55 55 51 48 40 37 29 22 18 18 22 25 37 55 70 85 96 100 96 
50.8877201 4.7002343 14 0 0 0 0 0 0 0 0 23 36 50 60 62 56 47 43 50 69 90 100 90 65 38 
50.8804054 4.700356999999999 0 0 0 0 0 0 0 0 0 0 21 26 26 34 34 23 36 60 0 0 0 0 0 0 
50.8801529 4.7008345 0 0 0 0 0 0 0 0 0 0 9 15 24 31 37 40 38 35 33 36 42 45 41 29 
50.88122080000001 4.699746200000001 0 0 0 0 0 0 0 0 0 0 16 24 31 35 35 32 25 18 0 0 0 0 0 0 
50.8798833 4.7025507 0 0 0 0 0 0 0 0 0 19 22 23 36 57 73 74 60 38 0 0 0 0 0 0 
50.88077879999999 4.6997927 0 0 0 0 0 0 0 0 0 0 31 31 31 36 40 40 31 18 0 0 0 0 0 0 
50.880561 4.6999306 0 0 0 0 0 0 0 0 0 0 20 45 60 55 45 45 45 25 0 0 0 0 0 0 
50.8811268 4.6996064 0 0 0 0 0 0 0 0 0 0 21 12 9 31 34 12 25 25 0 0 0 0 0 0 
50.88043700000001 4.700046 0 0 0 0 0 0 0 0 0 0 31 31 42 47 31 42 42 21 0 0 0 0 0 0 
50.8813172 4.699271699999999 0 0 0 0 0 0 0 0 8 18 34 56 73 76 65 53 55 59 44 0 0 0 0 0 
50.88222950000001 4.698786000000002 0 0 0 0 0 0 0 0 0 0 0 0 32 37 40 40 39 38 0 0 0 0 0 0 
50.88861250000001 4.700789200000001 0 0 0 0 0 0 0 0 0 15 23 31 38 43 48 48 40 26 0 0 0 0 0 0 
50.88835419999999 4.7015818 0 0 0 0 0 0 0 0 16 30 44 53 54 47 34 21 11 15 34 57 53 0 0 0 
50.8697525 4.702138199999999 0 0 0 0 0 0 0 0 78 100 87 70 75 87 92 82 63 46 43 46 0 0 0 0 
50.878535 4.7009133 0 0 0 0 0 0 0 0 0 0 33 33 35 50 64 61 42 0 0 0 0 0 0 0 
50.8783153 4.7009818 0 0 0 0 0 0 0 0 0 0 0 2 15 25 15 9 20 42 70 87 83 61 0 0 
50.8779974 4.7025089 0 0 0 0 0 0 0 0 0 0 0 0 0 0 0 0 0 1 20 52 69 49 0 0 
50.87902620000001 4.700750000000001 1 0 0 0 0 0 0 0 0 0 12 18 26 34 43 50 55 56 55 57 58 51 35 16 
50.87830659999999 4.700480399999999 0 0 0 0 0 0 0 0 0 0 0 0 53 63 0 0 0 39 62 83 86 67 0 0 
50.8785661 4.7031617 0 0 0 0 0 0 0 0 0 0 0 0 0 0 0 0 0 0 0 0 0 0 0 0 
50.8787616 4.7029257 0 0 0 0 0 0 0 0 0 0 0 8 37 81 63 24 17 22 27 26 0 0 0 0 
50.8781075 4.7030242 0 0 0 0 0 0 0 0 0 0 0 0 16 25 15 0 0 24 55 84 89 65 0 0 
50.87876 4.700446999999999 26 38 47 41 25 16 10 7 5 5 4 3 3 2 2 1 1 1 1 2 4 8 15 25 
50.8691039 4.697924299999999 0 0 0 0 0 0 0 0 0 0 0 13 13 11 8 7 11 18 30 40 44 41 0 0 
50.8733697 4.7050989 0 0 0 0 0 0 0 0 0 0 0 0 0 0 0 0 0 0 0 0 0 0 0 0 
50.8729382 4.7046667 0 0 0 0 0 0 0 0 0 0 0 0 14 27 43 62 77 86 87 84 76 65 48 30 
50.8752728 4.7046436 0 0 0 0 0 0 0 0 0 0 0 0 31 33 0 0 0 0 33 61 81 77 0 0 
50.88034239999999 4.7060955 0 0 0 0 0 0 0 0 0 0 15 25 31 33 40 54 49 22 0 0 0 0 0 0 
50.879916 4.706602300000001 0 0 0 0 0 0 0 0 0 0 13 23 33 40 47 53 48 28 0 0 0 0 0 0 
50.88036880000001 4.7061455 0 0 0 0 0 0 0 0 0 0 0 0 0 13 22 31 36 40 50 63 72 72 59 36 
50.8795777 4.7043816 0 0 0 0 0 0 0 0 0 0 47 50 44 43 61 89 89 55 0 0 0 0 0 0 
50.88052889999999 4.7060095 0 0 0 0 0 0 0 0 0 0 14 21 25 27 35 47 46 28 0 0 0 0 0 0 
50.87908179999999 4.7047421 0 0 0 0 0 0 0 0 4 10 22 36 41 39 38 40 34 23 0 0 0 0 0 0 
50.8800034 4.7068316 0 0 0 0 0 0 0 0 0 0 22 25 30 40 45 45 40 25 0 0 0 0 0 0 
50.8778947 4.7038398 0 0 0 0 0 0 0 0 0 0 0 25 74 97 61 0 0 0 0 0 0 0 0 0 
50.8774703 4.703491400000001 0 0 0 0 0 0 0 0 0 0 0 25 33 39 39 33 25 17 15 21 0 0 0 0 
50.87805179999999 4.7037249 0 0 0 0 0 0 0 0 0 0 0 14 74 100 36 11 10 10 8 0 0 0 0 0 
50.8776196 4.706982300000001 0 0 0 0 0 0 0 0 0 0 41 46 42 48 62 69 60 41 0 0 0 0 0 0 
50.88177229999999 4.705111899999999 0 0 0 0 0 0 0 5 9 14 25 37 50 57 55 44 31 22 27 44 51 33 0 0 
50.8817902 4.705166 0 0 0 0 0 0 0 0 0 0 19 42 69 92 100 84 57 38 0 0 0 0 0 0 
50.88243620000001 4.707222300000001 0 0 0 0 0 0 0 0 0 0 0 0 33 49 27 12 21 44 73 96 100 82 53 0 
50.87005920000001 4.711139500000001 1 1 1 1 1 1 1 1 3 5 8 13 21 35 50 60 57 43 27 15 8 4 1 1 
50.86951559999999 4.7073524 0 0 0 0 0 0 0 0 0 0 32 35 39 39 42 100 67 32 28 25 0 0 0 0 
50.87068359999999 4.706957699999999 51 0 0 0 0 0 0 0 0 0 0 0 0 0 0 6 7 10 18 33 52 64 62 46 
50.87218309999999 4.7036696 0 0 0 0 0 0 0 0 0 38 59 66 66 74 90 100 92 72 48 0 0 0 0 0 
50.8813434 4.708226199999999 0 0 0 0 0 0 0 0 0 0 9 16 19 19 25 29 25 16 0 0 0 0 0 0 
50.8804633 4.7097552 0 0 0 0 0 0 0 0 0 37 55 72 79 79 72 55 41 0 0 0 0 0 0 0 
50.8814716 4.710377200000001 0 0 0 0 0 0 0 0 0 0 33 39 37 33 31 35 35 31 0 0 0 0 0 0 
50.881037 4.708031 0 0 0 0 0 0 0 0 0 0 11 21 33 42 50 54 44 23 0 0 0 0 0 0 
50.88094719999999 4.708081599999999 0 0 0 0 0 0 0 0 0 0 19 39 60 73 80 88 90 69 0 0 0 0 0 0 
50.88090500000001 4.707953600000001 0 0 0 0 0 0 0 0 0 0 25 37 43 0 31 62 87 56 0 0 0 0 0 0 
50.88024469999999 4.7086773 0 0 0 0 0 0 0 0 0 3 13 44 76 61 25 8 5 0 0 0 0 0 0 0 
50.88080670000001 4.7078883 0 0 0 0 0 0 0 0 0 0 18 48 39 42 54 39 39 24 0 0 0 0 0 0 
50.8806097 4.710675199999999 0 0 0 0 0 0 0 0 0 0 42 51 39 30 33 51 60 57 0 0 0 0 0 0 
50.88020969999999 4.7083949 0 0 0 0 0 0 0 67 64 54 64 80 90 90 80 61 41 22 0 0 0 0 0 0 
50.8804139 4.710441699999999 0 0 0 0 0 0 0 0 0 0 14 27 40 46 45 47 46 33 0 0 0 0 0 0 
50.88456289999999 4.710976 0 0 0 0 0 0 0 23 31 32 26 23 85 53 23 45 0 0 0 0 0 0 0 0 
50.8883324 4.704303100000001 18 12 12 18 18 12 12 12 12 12 12 12 18 37 68 81 68 37 31 37 50 62 75 75 
50.8728028 4.7130691 0 0 0 0 0 0 0 30 33 36 36 40 40 43 46 53 56 60 56 53 46 40 0 0 
50.87713700000001 4.708292000000001 0 0 0 0 0 0 0 0 26 57 73 59 35 28 34 43 47 42 31 0 0 0 0 0 
50.8772801 4.7080443 100 94 69 40 0 0 0 0 0 0 0 0 14 18 20 21 21 21 23 27 34 42 49 52 
50.8781111 4.7082914 0 0 0 0 0 0 0 0 0 0 0 36 54 66 69 67 68 80 92 88 63 32 0 0 
50.8756005 4.710818800000001 0 0 0 0 0 0 0 0 0 0 84 82 65 47 44 53 0 0 0 0 0 0 0 0 
50.87498660000001 4.710081100000001 0 0 0 0 0 0 0 0 0 0 3 18 85 74 22 14 18 14 14 0 0 0 0 0 
50.8748282 4.7103657 0 0 0 0 0 0 0 0 0 0 46 61 68 61 53 51 57 53 0 0 0 0 0 0 
50.8808495 4.7131583 0 0 0 0 0 0 0 0 0 75 100 75 62 75 87 62 37 12 0 0 0 0 0 0 
50.8765414 4.7096327 0 0 0 0 0 0 0 0 0 0 2 15 58 71 26 2 0 0 0 0 0 0 0 0 
50.8744779 4.7093999 0 0 0 0 0 0 0 0 0 0 0 0 0 0 0 0 0 0 30 76 100 71 0 0 
50.8809205 4.713661500000001 0 0 0 0 0 0 0 0 60 100 66 63 83 80 53 40 63 60 0 0 0 0 0 0 
50.8806367 4.714626200000001 0 0 0 0 0 0 0 0 0 24 31 35 40 44 48 55 63 71 76 75 68 55 40 26 
50.87963300000001 4.711291999999999 0 0 0 0 0 0 0 0 0 0 27 33 38 38 33 27 22 44 44 0 0 0 0 0 
50.8771166 4.7127992 1 1 1 1 1 20 50 66 56 37 32 47 66 73 65 50 41 40 40 37 27 13 0 1 
50.87669469999999 4.712635 3 3 0 6 10 10 10 10 13 13 17 24 34 44 48 48 41 37 34 34 27 24 20 17 
50.87668469999999 4.7126426 3 3 0 6 10 10 10 10 13 13 17 24 34 44 48 48 41 37 34 34 27 24 20 17 
50.8774777 4.713806 0 0 0 0 0 0 0 0 20 44 75 100 100 83 75 81 85 71 0 0 0 0 0 0 
50.8775611 4.713769399999999 0 0 0 0 0 0 0 0 0 0 0 0 6 7 6 5 4 9 38 65 56 58 0 0 
50.8743314 4.711864100000001 0 0 0 0 0 0 0 0 0 0 0 0 47 41 37 43 52 52 0 0 0 0 0 0 
50.87408620000001 4.7128168 0 0 0 0 0 0 0 0 0 0 0 1 6 10 3 0 0 28 46 58 53 38 20 0 
50.87383089999999 4.713376299999999 0 0 0 0 0 0 0 0 0 0 53 56 58 58 60 70 86 91 75 0 0 0 0 0 
50.8807467 4.7150579 0 0 0 0 0 0 0 0 0 0 0 50 100 28 28 35 21 0 0 0 0 0 0 0 
50.885389 4.7108162 0 0 0 0 0 0 0 0 0 36 100 28 5 13 23 31 39 52 68 65 39 0 0 0 
50.8815215 4.713937100000001 13 2 0 0 0 0 0 0 0 0 16 28 34 32 26 22 24 32 43 51 55 52 43 32 
50.8821077 4.713869699999999 0 0 0 0 0 0 0 0 0 0 0 13 13 9 13 36 36 36 72 0 0 0 0 0 
50.8841603 4.716502999999999 0 0 0 0 0 0 0 0 0 47 65 69 52 26 13 34 60 30 0 0 0 0 0 0 
50.88421719999999 4.716874199999999 0 0 0 0 0 0 0 0 0 0 37 44 39 33 35 37 35 25 0 0 0 0 0 0 
50.8742904 4.7158274 0 0 0 0 0 0 0 0 30 43 41 33 37 52 62 58 43 0 0 0 0 0 0 0 
50.872778 4.717930199999999 0 0 0 0 0 0 0 0 0 0 0 0 0 0 0 0 0 22 50 67 54 27 8 1 
50.8694072 4.7131409 2 8 17 33 100 50 35 74 93 72 60 67 75 77 71 60 47 32 21 12 0 2 1 0 
50.8781501 4.7156108 15 15 15 15 15 7 7 15 26 38 53 65 69 65 57 46 38 34 34 34 34 38 46 69 
50.88408459999999 4.721590000000001 0 0 0 0 0 0 0 0 0 22 35 42 38 30 27 33 43 45 46 55 65 57 33 0 
50.88718069999999 4.7221723 0 0 0 0 0 0 0 0 9 18 31 36 31 22 13 13 27 36 27 9 0 0 0 0 
50.8871104 4.7221134 0 0 0 0 0 0 0 0 0 0 20 23 10 30 36 36 50 40 16 0 0 0 0 0 
50.8713858 4.723898999999999 0 0 0 0 0 0 0 0 0 0 0 0 0 0 0 0 0 0 0 0 0 0 0 0 
50.8812884 4.7215411 0 0 0 0 0 0 0 0 13 23 34 43 45 40 37 65 92 47 8 0 0 0 0 0 
50.87466209999999 4.723438499999999 0 0 0 0 0 0 0 0 0 31 56 43 18 0 56 75 62 31 12 0 0 0 0 0 
50.8709173 4.725463299999999 0 0 0 0 0 0 0 0 0 17 30 34 47 52 34 39 30 8 0 0 0 0 0 0 
50.87083330000001 4.725833300000001 18 8 0 0 0 0 0 0 0 9 18 28 32 30 31 40 49 44 36 37 49 58 56 41 
50.8836895 4.7199582 0 0 0 0 0 0 0 0 0 0 0 0 0 0 0 0 0 0 0 0 0 0 0 0 
50.88366869999999 4.7196216 0 0 0 0 0 0 0 0 0 0 30 39 32 23 32 60 63 30 6 0 0 0 0 0 
50.87121959999999 4.7261799 20 20 20 20 40 30 30 30 30 40 40 40 50 50 50 50 50 50 50 50 60 60 70 70 
50.884196 4.723667000000001 0 0 0 0 0 0 0 0 1 0 5 33 76 39 0 0 0 0 0 0 0 0 0 0 
50.8843347 4.7277907 0 0 0 0 0 0 0 0 0 0 0 0 0 0 0 0 0 6 23 45 38 16 0 0 
